13 dfg       m      23.0    45.0    78.0    56.0    67.0
1  zhangsan  m       0.0     0.0     0.0     0.0     0.0
2  lisi      m       0.0     0.0     0.0     0.0     0.0
3  hello     f       0.0     5.0     0.0     0.0     0.0
4  jin       m       0.0     0.0     0.0     0.0     0.0
5  jiafj     m       0.0     0.0     0.0     0.0     0.0
6  jidf      m       0.0     0.0     0.0     0.0     0.0
7  jfsa      m      34.0    45.0    66.0    78.0    90.0
9  dfg       m       0.0     0.0     0.0     0.0     0.0
11 rty       h      34.0    56.0    78.0    90.0    87.0
12 23        3       4.0     6.1     8.1     0.0     3.0
